Forty Fifty Sixty Seventy Eighty Ninety
ENSG00000213654 1 0 0 1 0 0
ENSG00000204463 1 1 1 1 1 1
ENSG00000204525 1 1 1 1 1 1
ENSG00000204248 1 1 0 0 0 0
ENSG00000230795 1 1 1 1 1 1
ENSG00000137343 1 0 0 1 0 0
ENSG00000204590 1 1 0 0 0 0
ENSG00000196735 1 1 1 1 1 1
ENSG00000204386 1 0 0 0 0 0
ENSG00000179344 1 0 1 1 1 1
ENSG00000204267 1 1 0 0 1 0
ENSG00000204469 1 0 1 0 0 1
ENSG00000204366 1 0 1 1 0 1
ENSG00000240065 1 0 0 1 1 1
ENSG00000137411 1 1 1 1 1 1
ENSG00000213676 1 0 0 0 0 0
ENSG00000204389 1 0 1 0 0 0
ENSG00000204356 1 0 0 0 0 1
ENSG00000244731 1 1 1 0 1 1
ENSG00000204390 1 0 0 0 1 1
ENSG00000204387 1 1 0 0 0 1
ENSG00000204256 1 0 0 0 1 0
ENSG00000204576 1 0 1 0 0 0
ENSG00000206503 1 1 0 0 1 0
ENSG00000213722 1 0 0 0 1 0
ENSG00000198502 1 0 1 1 1 0
ENSG00000137331 1 0 0 0 0 0
ENSG00000234745 1 1 1 1 0 0
ENSG00000029363 1 0 0 0 0 0
ENSG00000204315 1 0 1 0 1 0
ENSG00000241106 1 1 1 0 1 1
ENSG00000224086 1 1 1 1 0 0
ENSG00000135452 1 1 0 0 0 0
ENSG00000019186 1 1 1 1 1 1
ENSG00000204394 1 0 1 0 1 0
ENSG00000100034 1 0 1 0 0 0
ENSG00000204520 1 1 1 1 1 1
ENSG00000187987 1 1 1 1 1 1
ENSG00000176563 1 0 0 0 0 0
ENSG00000261829 1 0 0 0 0 0
ENSG00000204257 1 0 0 0 0 0
ENSG00000188177 1 0 0 0 0 0
ENSG00000123297 1 1 0 1 1 1
ENSG00000204228 1 1 0 0 1 0
ENSG00000175643 1 1 0 0 0 0
ENSG00000156853 1 0 0 0 0 0
ENSG00000197496 1 0 0 0 0 0
ENSG00000123427 1 1 1 0 1 1
ENSG00000130522 1 0 0 0 0 0
ENSG00000103495 1 0 0 0 0 0
ENSG00000105072 1 0 0 0 0 0
ENSG00000010278 1 0 0 0 0 0
ENSG00000178852 1 0 0 0 0 0
ENSG00000188897 1 0 0 0 1 1
ENSG00000213760 1 1 0 0 0 1
ENSG00000204220 1 0 0 0 0 0
ENSG00000156858 1 0 0 0 0 0
ENSG00000237522 1 0 0 0 0 0
ENSG00000102572 1 0 0 0 0 0
ENSG00000233184 1 0 0 0 0 0
ENSG00000196126 0 1 1 0 1 1
ENSG00000204388 0 1 1 0 1 0
ENSG00000206337 0 1 1 0 0 0
ENSG00000204338 0 1 1 1 1 1
ENSG00000168394 0 1 1 0 0 0
ENSG00000198563 0 1 0 0 1 1
ENSG00000221988 0 1 0 0 1 1
ENSG00000204681 0 1 0 1 0 0
ENSG00000204287 0 1 0 0 1 0
ENSG00000181126 0 1 0 1 0 1
ENSG00000204564 0 1 0 0 1 1
ENSG00000204623 0 1 0 0 0 0
ENSG00000204308 0 1 1 0 1 0
ENSG00000225914 0 1 0 1 0 1
ENSG00000204560 0 1 0 0 1 0
ENSG00000204427 0 1 0 1 0 1
ENSG00000204428 0 1 1 1 1 1
ENSG00000206344 0 1 1 1 1 1
ENSG00000230521 0 1 0 0 1 0
ENSG00000204580 0 1 0 0 0 0
ENSG00000204371 0 1 0 0 1 0
ENSG00000228789 0 1 0 1 0 0
ENSG00000089558 0 1 0 0 0 0
ENSG00000241370 0 1 0 0 1 1
ENSG00000112812 0 1 0 0 0 0
ENSG00000162694 0 1 0 0 0 0
ENSG00000204351 0 1 1 1 1 1
ENSG00000241973 0 1 0 0 0 0
ENSG00000204498 0 1 0 1 1 0
ENSG00000166278 0 1 0 0 0 0
ENSG00000204438 0 1 0 0 1 1
ENSG00000174938 0 1 0 0 0 0
ENSG00000161904 0 1 0 0 0 1
ENSG00000102738 0 1 0 0 0 0
ENSG00000144837 0 1 0 0 0 0
ENSG00000118513 0 1 0 0 0 0
ENSG00000185201 0 1 0 0 0 0
ENSG00000204568 0 1 0 0 0 0
ENSG00000143318 0 1 0 0 0 0
ENSG00000267106 0 1 0 0 0 0
ENSG00000255737 0 1 0 0 0 0
ENSG00000099308 0 1 0 0 0 0
ENSG00000123329 0 1 0 0 0 1
ENSG00000261840 0 1 0 0 0 0
ENSG00000135541 0 1 0 0 0 0
ENSG00000173992 0 1 0 0 0 0
ENSG00000142089 0 1 1 1 1 1
ENSG00000256594 0 1 0 0 0 0
ENSG00000112511 0 0 1 0 0 0
ENSG00000231852 0 0 1 0 1 0
ENSG00000243649 0 0 1 1 1 1
ENSG00000204713 0 0 1 0 0 0
ENSG00000204435 0 0 1 1 1 0
ENSG00000204314 0 0 1 0 0 0
ENSG00000224389 0 0 1 0 1 1
ENSG00000231925 0 0 1 0 0 0
ENSG00000267222 0 0 1 0 0 0
ENSG00000204592 0 0 1 0 0 0
ENSG00000137312 0 0 1 0 0 0
ENSG00000240053 0 0 1 0 1 1
ENSG00000231074 0 0 1 0 1 1
ENSG00000105520 0 0 1 0 1 0
ENSG00000206341 0 0 1 1 0 1
ENSG00000090565 0 0 1 0 0 0
ENSG00000204396 0 0 1 0 0 0
ENSG00000268686 0 0 1 0 1 1
ENSG00000110958 0 0 1 0 0 0
ENSG00000173757 0 0 1 0 0 0
ENSG00000149922 0 0 1 0 1 1
ENSG00000185885 0 0 1 0 0 0
ENSG00000166908 0 0 1 0 0 0
ENSG00000122299 0 0 1 0 0 0
ENSG00000162928 0 0 1 0 0 0
ENSG00000140575 0 0 1 1 0 1
ENSG00000175376 0 0 1 0 0 0
ENSG00000140678 0 0 1 0 0 0
ENSG00000174871 0 0 1 0 0 0
ENSG00000214212 0 0 1 0 0 0
ENSG00000204536 0 0 1 0 1 1
ENSG00000204599 0 0 1 1 0 0
ENSG00000175334 0 0 1 0 0 0
ENSG00000224557 0 0 1 0 1 0
ENSG00000204231 0 0 0 1 0 0
ENSG00000241404 0 0 0 1 1 0
ENSG00000204444 0 0 0 1 1 0
ENSG00000204252 0 0 0 1 0 1
ENSG00000204540 0 0 0 1 1 1
ENSG00000204655 0 0 0 1 0 0
ENSG00000204310 0 0 0 1 0 0
ENSG00000204301 0 0 0 1 1 1
ENSG00000168477 0 0 0 1 1 0
ENSG00000131477 0 0 0 1 0 0
ENSG00000105700 0 0 0 1 0 0
ENSG00000213719 0 0 0 1 1 0
ENSG00000171490 0 0 0 1 0 0
ENSG00000150281 0 0 0 1 0 0
ENSG00000189298 0 0 0 1 0 1
ENSG00000259623 0 0 0 1 0 0
ENSG00000111325 0 0 0 1 0 1
ENSG00000158691 0 0 0 1 0 0
ENSG00000204304 0 0 0 1 0 1
ENSG00000223865 0 0 0 1 0 0
ENSG00000140848 0 0 0 1 0 0
ENSG00000204482 0 0 0 1 0 0
ENSG00000262766 0 0 0 1 0 0
ENSG00000228782 0 0 0 1 1 1
ENSG00000111328 0 0 0 1 1 0
ENSG00000016402 0 0 0 1 0 0
ENSG00000169220 0 0 0 1 0 0
ENSG00000226443 0 0 0 1 0 0
ENSG00000074219 0 0 0 1 0 1
ENSG00000196230 0 0 0 0 1 0
ENSG00000137337 0 0 0 0 1 0
ENSG00000204569 0 0 0 0 1 1
ENSG00000204516 0 0 0 0 1 1
ENSG00000236104 0 0 0 0 1 1
ENSG00000215912 0 0 0 0 1 0
ENSG00000233892 0 0 0 0 1 1
ENSG00000124140 0 0 0 0 1 1
ENSG00000137310 0 0 0 0 1 0
ENSG00000189050 0 0 0 0 1 1
ENSG00000204305 0 0 0 0 1 0
ENSG00000204642 0 0 0 0 1 1
ENSG00000135502 0 0 0 0 1 0
ENSG00000100288 0 0 0 0 1 0
ENSG00000213347 0 0 0 0 1 0
ENSG00000237441 0 0 0 0 1 0
ENSG00000102882 0 0 0 0 1 0
ENSG00000101017 0 0 0 0 1 0
ENSG00000134574 0 0 0 0 1 0
ENSG00000239827 0 0 0 0 1 0
ENSG00000188130 0 0 0 0 1 0
ENSG00000203710 0 0 0 0 1 0
ENSG00000213780 0 0 0 0 1 1
ENSG00000204227 0 0 0 0 0 1
ENSG00000146112 0 0 0 0 0 1
ENSG00000234127 0 0 0 0 0 1
ENSG00000204410 0 0 0 0 0 1
ENSG00000154511 0 0 0 0 0 1
ENSG00000254858 0 0 0 0 0 1
ENSG00000104435 0 0 0 0 0 1
ENSG00000073169 0 0 0 0 0 1
ENSG00000204439 0 0 0 0 0 1
ENSG00000175550 0 0 0 0 0 1
ENSG00000137404 0 0 0 0 0 1
ENSG00000173039 0 0 0 0 0 1
ENSG00000262420 0 0 0 0 0 1
ENSG00000119912 0 0 0 0 0 1
ENSG00000106266 0 0 0 0 0 1
ENSG00000141279 0 0 0 0 0 1
ENSG00000198933 0 0 0 0 0 1
ENSG00000172650 0 0 0 0 0 1
ENSG00000204472 0 0 0 0 0 1
ENSG00000231500 0 0 0 0 0 1
