Forty Fifty Sixty Seventy Eighty Ninety
ENSG00000213719 1 0 0 1 0 1
ENSG00000158691 1 0 0 0 0 0
ENSG00000114904 1 1 0 1 0 1
ENSG00000187987 1 1 1 1 1 1
ENSG00000219891 1 0 0 0 0 0
ENSG00000237669 1 0 0 0 1 0
ENSG00000213722 1 1 0 0 1 0
ENSG00000204516 1 1 1 0 1 1
ENSG00000163938 1 0 0 0 0 0
ENSG00000176349 1 1 1 0 1 0
ENSG00000226314 1 1 1 1 1 1
ENSG00000247596 1 0 0 0 0 0
ENSG00000213533 1 0 0 0 0 0
ENSG00000244731 1 1 1 1 1 1
ENSG00000204463 1 1 1 1 1 1
ENSG00000167491 1 0 1 1 1 1
ENSG00000216901 1 1 1 1 1 1
ENSG00000261758 1 0 1 0 1 1
ENSG00000137411 1 1 1 0 1 0
ENSG00000170571 1 1 1 1 1 1
ENSG00000114054 1 1 1 0 1 1
ENSG00000204525 1 1 1 1 1 1
ENSG00000166716 1 0 0 0 0 0
ENSG00000101546 1 1 0 0 0 0
ENSG00000204963 1 1 1 0 1 1
ENSG00000176681 1 1 1 1 1 1
ENSG00000198951 1 1 1 1 1 1
ENSG00000204438 1 1 0 0 0 1
ENSG00000204308 1 1 1 1 1 0
ENSG00000238083 1 1 1 1 0 1
ENSG00000259511 1 1 1 1 0 1
ENSG00000124635 1 0 0 0 0 0
ENSG00000219392 1 1 1 1 1 1
ENSG00000153048 1 0 0 0 0 0
ENSG00000126453 1 0 0 0 0 0
ENSG00000235109 1 1 1 1 1 1
ENSG00000158406 1 1 1 0 0 0
ENSG00000214425 1 1 1 1 1 0
ENSG00000231852 1 0 0 1 1 1
ENSG00000254634 1 0 0 0 0 0
ENSG00000215861 1 0 0 0 0 0
ENSG00000204623 1 0 0 1 0 0
ENSG00000154822 1 0 0 0 0 0
ENSG00000263503 1 1 1 1 1 1
ENSG00000216915 1 0 1 1 1 0
ENSG00000242028 1 0 0 0 0 0
ENSG00000242574 1 1 0 0 1 1
ENSG00000204962 1 1 1 1 1 1
ENSG00000101442 1 0 0 0 0 0
ENSG00000205704 1 1 0 0 1 1
ENSG00000100380 1 0 0 0 0 0
ENSG00000237289 1 0 0 0 0 0
ENSG00000108960 1 0 0 0 1 1
ENSG00000189298 1 1 1 1 1 1
ENSG00000116127 1 0 0 1 0 0
ENSG00000182511 1 0 0 0 0 1
ENSG00000259295 1 0 0 0 0 0
ENSG00000137337 1 0 0 0 0 0
ENSG00000163728 1 1 0 0 1 0
ENSG00000115896 1 0 0 0 0 0
ENSG00000115541 1 0 0 0 0 0
ENSG00000264070 1 0 1 1 0 0
ENSG00000186868 1 1 0 0 0 0
ENSG00000204366 1 0 0 1 0 0
ENSG00000115825 1 0 0 0 1 0
ENSG00000263142 1 0 0 0 0 0
ENSG00000163017 1 0 0 0 0 0
ENSG00000140265 1 1 0 0 0 0
ENSG00000163016 1 0 1 1 1 1
ENSG00000112659 1 0 0 0 1 0
ENSG00000115828 1 1 0 0 1 1
ENSG00000179630 1 0 0 0 0 0
ENSG00000204961 1 0 0 0 0 0
ENSG00000149923 1 0 0 0 0 0
ENSG00000139233 1 0 0 0 0 0
ENSG00000256053 1 1 0 1 0 0
ENSG00000056736 1 0 0 0 0 0
ENSG00000131503 1 0 0 0 0 0
ENSG00000214401 1 1 1 1 0 0
ENSG00000183066 1 1 0 1 1 0
ENSG00000196735 1 1 1 1 0 1
ENSG00000004534 1 0 0 0 0 0
ENSG00000163634 1 1 0 1 1 1
ENSG00000136144 1 0 0 0 0 1
ENSG00000250091 1 1 0 0 1 0
ENSG00000204852 1 0 0 0 0 0
ENSG00000075914 1 0 0 0 0 0
ENSG00000103037 1 0 0 0 1 0
ENSG00000164241 1 0 0 0 1 1
ENSG00000178252 1 0 0 1 0 0
ENSG00000158050 1 0 0 0 0 0
ENSG00000204991 1 1 0 1 1 1
ENSG00000047932 1 0 0 0 0 0
ENSG00000133884 1 0 0 0 0 0
ENSG00000100138 1 0 0 0 0 0
ENSG00000186470 1 0 0 1 1 1
ENSG00000002822 1 0 0 0 0 1
ENSG00000260139 1 0 0 0 0 0
ENSG00000102471 1 0 0 0 0 0
ENSG00000111801 1 0 0 0 1 1
ENSG00000120451 1 0 1 1 1 1
ENSG00000131495 1 0 0 0 0 0
ENSG00000143603 1 1 1 1 1 1
ENSG00000140022 1 0 0 0 0 0
ENSG00000267419 1 0 0 0 0 0
ENSG00000215114 1 0 0 0 0 0
ENSG00000055147 1 1 1 1 0 1
ENSG00000147804 1 0 0 0 0 0
ENSG00000100731 1 0 1 0 0 0
ENSG00000204256 1 0 0 1 1 1
ENSG00000151773 1 1 0 0 0 0
ENSG00000132603 1 0 0 0 0 0
ENSG00000243989 1 0 0 0 0 0
ENSG00000176973 1 0 0 0 0 0
ENSG00000117335 1 0 1 0 0 0
ENSG00000016864 1 0 0 0 0 0
ENSG00000183831 1 1 0 1 0 1
ENSG00000261386 1 0 0 1 0 0
ENSG00000176998 1 1 1 1 1 1
ENSG00000104756 1 0 0 0 0 0
ENSG00000187741 1 0 0 0 1 1
ENSG00000259775 1 1 0 1 1 1
ENSG00000128285 1 1 0 0 0 1
ENSG00000162971 1 1 1 1 1 0
ENSG00000180921 1 1 0 0 0 0
ENSG00000251141 1 0 0 0 0 0
ENSG00000223959 1 0 0 0 0 0
ENSG00000159958 1 0 0 1 0 1
ENSG00000171928 1 0 0 0 0 0
ENSG00000107882 0 1 0 0 0 0
ENSG00000204257 0 1 1 1 1 1
ENSG00000163935 0 1 1 0 0 1
ENSG00000148842 0 1 1 0 0 1
ENSG00000204344 0 1 0 0 0 0
ENSG00000204338 0 1 1 1 1 1
ENSG00000168268 0 1 0 0 1 0
ENSG00000164091 0 1 0 0 1 0
ENSG00000204969 0 1 1 0 1 1
ENSG00000213676 0 1 0 0 0 0
ENSG00000224843 0 1 1 0 0 0
ENSG00000145888 0 1 0 0 0 0
ENSG00000259404 0 1 1 0 1 0
ENSG00000102882 0 1 0 1 1 1
ENSG00000196787 0 1 0 0 0 0
ENSG00000224046 0 1 0 0 0 1
ENSG00000225151 0 1 1 1 1 1
ENSG00000073969 0 1 0 0 0 0
ENSG00000255710 0 1 0 0 0 0
ENSG00000225914 0 1 0 0 0 0
ENSG00000168781 0 1 1 0 0 0
ENSG00000003509 0 1 0 0 0 0
ENSG00000147905 0 1 0 0 0 0
ENSG00000128487 0 1 0 0 0 1
ENSG00000197279 0 1 0 1 0 0
ENSG00000254427 0 1 0 0 0 1
ENSG00000157837 0 1 1 0 0 1
ENSG00000146007 0 1 1 0 1 1
ENSG00000198502 0 1 0 0 0 0
ENSG00000204388 0 1 1 0 1 1
ENSG00000143387 0 1 0 0 0 0
ENSG00000185829 0 1 1 1 0 0
ENSG00000249839 0 1 1 1 1 1
ENSG00000130779 0 1 0 0 0 0
ENSG00000204685 0 1 0 0 0 0
ENSG00000170396 0 1 0 0 0 0
ENSG00000144674 0 1 0 0 0 0
ENSG00000226124 0 1 1 1 1 1
ENSG00000214435 0 1 1 1 1 1
ENSG00000100583 0 1 0 0 0 0
ENSG00000088808 0 1 0 0 0 1
ENSG00000151148 0 1 0 0 0 0
ENSG00000138074 0 1 0 0 0 0
ENSG00000083520 0 1 0 0 0 0
ENSG00000179918 0 1 0 0 0 0
ENSG00000100395 0 1 0 1 0 0
ENSG00000171206 0 1 0 0 0 0
ENSG00000112667 0 1 0 0 1 0
ENSG00000109572 0 1 0 0 1 0
ENSG00000102870 0 1 0 0 0 0
ENSG00000146006 0 1 0 0 0 0
ENSG00000112893 0 1 0 1 0 0
ENSG00000041988 0 1 0 1 0 0
ENSG00000178222 0 1 0 0 0 0
ENSG00000242866 0 1 0 0 1 1
ENSG00000113141 0 1 0 1 0 1
ENSG00000146373 0 1 0 0 0 0
ENSG00000172922 0 1 1 0 1 1
ENSG00000235568 0 1 0 0 0 0
ENSG00000174938 0 1 0 1 0 0
ENSG00000076685 0 1 0 0 0 0
ENSG00000204642 0 1 0 0 1 1
ENSG00000225193 0 1 0 0 0 0
ENSG00000184047 0 1 0 0 0 0
ENSG00000093000 0 1 1 0 0 0
ENSG00000196776 0 1 0 0 0 0
ENSG00000085788 0 1 0 1 1 0
ENSG00000075413 0 1 0 0 0 0
ENSG00000185324 0 1 0 0 0 0
ENSG00000166913 0 1 0 0 1 1
ENSG00000100403 0 1 1 0 1 0
ENSG00000172817 0 1 0 0 0 0
ENSG00000100241 0 1 0 0 0 0
ENSG00000124507 0 1 0 1 0 0
ENSG00000159640 0 1 0 0 0 0
ENSG00000121058 0 1 0 0 0 0
ENSG00000101460 0 1 0 0 0 0
ENSG00000170802 0 1 0 0 0 1
ENSG00000132563 0 1 0 1 0 0
ENSG00000263426 0 1 0 0 0 0
ENSG00000180929 0 1 0 0 0 0
ENSG00000065609 0 1 0 0 0 0
ENSG00000197958 0 1 0 1 0 0
ENSG00000112655 0 1 0 0 0 0
ENSG00000104447 0 1 0 0 0 0
ENSG00000172292 0 1 0 0 0 0
ENSG00000174437 0 1 0 0 0 0
ENSG00000170209 0 1 0 0 0 0
ENSG00000035499 0 1 1 0 0 0
ENSG00000101104 0 1 0 0 0 0
ENSG00000173930 0 1 0 0 1 0
ENSG00000120088 0 1 1 0 0 1
ENSG00000100058 0 1 0 0 0 1
ENSG00000154518 0 1 0 0 0 0
ENSG00000170632 0 1 0 0 0 0
ENSG00000096654 0 0 1 0 0 0
ENSG00000030110 0 0 1 0 0 0
ENSG00000204389 0 0 1 0 0 1
ENSG00000110536 0 0 1 0 0 0
ENSG00000112812 0 0 1 1 0 0
ENSG00000146112 0 0 1 1 0 0
ENSG00000204390 0 0 1 0 1 0
ENSG00000137185 0 0 1 0 1 0
ENSG00000066056 0 0 1 0 0 0
ENSG00000148843 0 0 1 0 0 0
ENSG00000165912 0 0 1 0 1 1
ENSG00000080644 0 0 1 0 0 0
ENSG00000204435 0 0 1 1 0 0
ENSG00000247626 0 0 1 0 0 0
ENSG00000214922 0 0 1 0 1 1
ENSG00000189343 0 0 1 0 0 0
ENSG00000111358 0 0 1 0 0 0
ENSG00000176956 0 0 1 0 1 1
ENSG00000121653 0 0 1 0 0 0
ENSG00000262246 0 0 1 0 0 1
ENSG00000166845 0 0 1 0 0 0
ENSG00000227507 0 0 1 0 0 0
ENSG00000155530 0 0 1 1 0 0
ENSG00000230795 0 0 1 0 0 0
ENSG00000223501 0 0 1 0 0 0
ENSG00000204650 0 0 1 0 0 1
ENSG00000227078 0 0 1 0 0 0
ENSG00000113108 0 0 1 0 0 0
ENSG00000143458 0 0 1 0 0 0
ENSG00000187772 0 0 1 0 1 0
ENSG00000177082 0 0 1 1 0 0
ENSG00000122687 0 0 1 0 1 1
ENSG00000267325 0 0 1 0 0 0
ENSG00000146109 0 0 1 1 0 1
ENSG00000164037 0 0 1 0 0 0
ENSG00000114779 0 0 1 0 0 1
ENSG00000168273 0 0 1 0 0 0
ENSG00000102858 0 0 1 0 0 0
ENSG00000132394 0 0 1 0 0 1
ENSG00000133315 0 0 1 0 0 0
ENSG00000258738 0 0 1 0 0 0
ENSG00000088298 0 0 1 0 0 0
ENSG00000167523 0 0 1 0 0 0
ENSG00000176095 0 0 1 0 0 0
ENSG00000144535 0 0 1 0 0 0
ENSG00000132600 0 0 1 0 0 0
ENSG00000234745 0 0 1 1 0 0
ENSG00000100393 0 0 1 0 0 0
ENSG00000197653 0 0 1 1 1 1
ENSG00000188732 0 0 1 0 0 0
ENSG00000239557 0 0 1 0 0 0
ENSG00000116741 0 0 1 0 0 0
ENSG00000142233 0 0 1 0 0 0
ENSG00000224924 0 0 1 0 0 0
ENSG00000146830 0 0 1 0 0 0
ENSG00000076043 0 0 1 0 0 0
ENSG00000077782 0 0 1 0 0 0
ENSG00000197774 0 0 1 0 0 0
ENSG00000234127 0 0 0 1 0 1
ENSG00000257727 0 0 0 1 0 0
ENSG00000204427 0 0 0 1 0 1
ENSG00000138107 0 0 0 1 0 0
ENSG00000146535 0 0 0 1 0 0
ENSG00000204592 0 0 0 1 0 0
ENSG00000250120 0 0 0 1 0 0
ENSG00000158373 0 0 0 1 0 0
ENSG00000204482 0 0 0 1 0 0
ENSG00000005483 0 0 0 1 0 0
ENSG00000204310 0 0 0 1 0 0
ENSG00000111252 0 0 0 1 0 0
ENSG00000174943 0 0 0 1 0 0
ENSG00000230002 0 0 0 1 0 0
ENSG00000181896 0 0 0 1 0 0
ENSG00000231389 0 0 0 1 0 0
ENSG00000168237 0 0 0 1 1 0
ENSG00000180828 0 0 0 1 0 0
ENSG00000090554 0 0 0 1 0 0
ENSG00000200087 0 0 0 1 0 0
ENSG00000126062 0 0 0 1 0 0
ENSG00000111325 0 0 0 1 0 1
ENSG00000169955 0 0 0 1 0 0
ENSG00000256092 0 0 0 1 0 1
ENSG00000187323 0 0 0 1 0 1
ENSG00000100417 0 0 0 1 0 0
ENSG00000180263 0 0 0 1 0 0
ENSG00000126461 0 0 0 1 0 0
ENSG00000183166 0 0 0 1 0 0
ENSG00000196141 0 0 0 1 0 0
ENSG00000164574 0 0 0 1 0 0
ENSG00000249158 0 0 0 1 0 0
ENSG00000204231 0 0 0 1 0 0
ENSG00000241549 0 0 0 1 0 0
ENSG00000266918 0 0 0 1 0 0
ENSG00000128604 0 0 0 1 0 0
ENSG00000112855 0 0 0 1 1 0
ENSG00000167770 0 0 0 1 0 0
ENSG00000181315 0 0 0 1 0 0
ENSG00000164182 0 0 0 1 0 0
ENSG00000229672 0 0 0 1 0 1
ENSG00000239213 0 0 0 1 0 0
ENSG00000213672 0 0 0 1 0 0
ENSG00000234851 0 0 0 1 0 0
ENSG00000108587 0 0 0 1 0 0
ENSG00000163798 0 0 0 1 0 0
ENSG00000228638 0 0 0 1 0 0
ENSG00000088538 0 0 0 1 0 0
ENSG00000251664 0 0 0 1 0 0
ENSG00000196236 0 0 0 1 1 0
ENSG00000111725 0 0 0 1 0 0
ENSG00000268218 0 0 0 1 0 0
ENSG00000168477 0 0 0 0 1 0
ENSG00000156398 0 0 0 0 1 0
ENSG00000228223 0 0 0 0 1 0
ENSG00000110492 0 0 0 0 1 0
ENSG00000140564 0 0 0 0 1 1
ENSG00000137343 0 0 0 0 1 0
ENSG00000149930 0 0 0 0 1 0
ENSG00000177096 0 0 0 0 1 1
ENSG00000151320 0 0 0 0 1 0
ENSG00000254377 0 0 0 0 1 0
ENSG00000100167 0 0 0 0 1 0
ENSG00000167004 0 0 0 0 1 1
ENSG00000090238 0 0 0 0 1 0
ENSG00000164088 0 0 0 0 1 0
ENSG00000162753 0 0 0 0 1 1
ENSG00000165046 0 0 0 0 1 1
ENSG00000250067 0 0 0 0 1 0
ENSG00000147535 0 0 0 0 1 1
ENSG00000156599 0 0 0 0 1 0
ENSG00000204315 0 0 0 0 1 0
ENSG00000139547 0 0 0 0 1 0
ENSG00000115392 0 0 0 0 1 0
ENSG00000163673 0 0 0 0 1 0
ENSG00000205702 0 0 0 0 1 1
ENSG00000120329 0 0 0 0 1 0
ENSG00000112245 0 0 0 0 1 0
ENSG00000164100 0 0 0 0 1 1
ENSG00000213760 0 0 0 0 1 0
ENSG00000213996 0 0 0 0 1 0
ENSG00000197921 0 0 0 0 1 0
ENSG00000236296 0 0 0 0 1 1
ENSG00000111328 0 0 0 0 1 0
ENSG00000213445 0 0 0 0 1 0
ENSG00000206337 0 0 0 0 1 0
ENSG00000113119 0 0 0 0 1 0
ENSG00000126456 0 0 0 0 1 0
ENSG00000158792 0 0 0 0 1 1
ENSG00000092847 0 0 0 0 1 0
ENSG00000185215 0 0 0 0 1 0
ENSG00000221988 0 0 0 0 1 0
ENSG00000101365 0 0 0 0 1 1
ENSG00000160741 0 0 0 0 1 0
ENSG00000003249 0 0 0 0 1 0
ENSG00000187605 0 0 0 0 1 0
ENSG00000154217 0 0 0 0 1 0
ENSG00000106829 0 0 0 0 1 0
ENSG00000221823 0 0 0 0 1 0
ENSG00000130783 0 0 0 0 1 0
ENSG00000150967 0 0 0 0 1 0
ENSG00000235370 0 0 0 0 1 1
ENSG00000117593 0 0 0 0 1 0
ENSG00000168016 0 0 0 0 1 0
ENSG00000183604 0 0 0 0 1 0
ENSG00000100372 0 0 0 0 1 0
ENSG00000230071 0 0 0 0 1 0
ENSG00000173825 0 0 0 0 1 0
ENSG00000164815 0 0 0 0 1 0
ENSG00000182264 0 0 0 0 1 0
ENSG00000143545 0 0 0 0 1 0
ENSG00000197951 0 0 0 0 1 0
ENSG00000154898 0 0 0 0 1 0
ENSG00000214575 0 0 0 0 1 1
ENSG00000235863 0 0 0 0 1 0
ENSG00000050405 0 0 0 0 1 0
ENSG00000119242 0 0 0 0 1 1
ENSG00000065413 0 0 0 0 1 0
ENSG00000141076 0 0 0 0 1 0
ENSG00000181126 0 0 0 0 1 0
ENSG00000164077 0 0 0 0 1 0
ENSG00000226266 0 0 0 0 1 0
ENSG00000238217 0 0 0 0 1 0
ENSG00000152219 0 0 0 0 1 0
ENSG00000124613 0 0 0 0 1 1
ENSG00000198315 0 0 0 0 0 1
ENSG00000112343 0 0 0 0 0 1
ENSG00000162267 0 0 0 0 0 1
ENSG00000197062 0 0 0 0 0 1
ENSG00000204472 0 0 0 0 0 1
ENSG00000213780 0 0 0 0 0 1
ENSG00000149932 0 0 0 0 0 1
ENSG00000105726 0 0 0 0 0 1
ENSG00000197696 0 0 0 0 0 1
ENSG00000129933 0 0 0 0 0 1
ENSG00000247735 0 0 0 0 0 1
ENSG00000204301 0 0 0 0 0 1
ENSG00000010319 0 0 0 0 0 1
ENSG00000184903 0 0 0 0 0 1
ENSG00000204536 0 0 0 0 0 1
ENSG00000130921 0 0 0 0 0 1
ENSG00000196510 0 0 0 0 0 1
ENSG00000092470 0 0 0 0 0 1
ENSG00000167371 0 0 0 0 0 1
ENSG00000230747 0 0 0 0 0 1
ENSG00000144619 0 0 0 0 0 1
ENSG00000162972 0 0 0 0 0 1
ENSG00000183172 0 0 0 0 0 1
ENSG00000023902 0 0 0 0 0 1
ENSG00000143418 0 0 0 0 0 1
ENSG00000140600 0 0 0 0 0 1
ENSG00000142599 0 0 0 0 0 1
ENSG00000120314 0 0 0 0 0 1
ENSG00000107872 0 0 0 0 0 1
ENSG00000163531 0 0 0 0 0 1
ENSG00000140521 0 0 0 0 0 1
ENSG00000218739 0 0 0 0 0 1
ENSG00000136738 0 0 0 0 0 1
ENSG00000165434 0 0 0 0 0 1
ENSG00000178093 0 0 0 0 0 1
ENSG00000224389 0 0 0 0 0 1
ENSG00000253965 0 0 0 0 0 1
ENSG00000105939 0 0 0 0 0 1
ENSG00000178449 0 0 0 0 0 1
ENSG00000103723 0 0 0 0 0 1
ENSG00000204252 0 0 0 0 0 1
ENSG00000243175 0 0 0 0 0 1
ENSG00000174951 0 0 0 0 0 1
ENSG00000213699 0 0 0 0 0 1
ENSG00000248383 0 0 0 0 0 1
ENSG00000166888 0 0 0 0 0 1
ENSG00000145075 0 0 0 0 0 1
ENSG00000248487 0 0 0 0 0 1
ENSG00000086827 0 0 0 0 0 1
ENSG00000167535 0 0 0 0 0 1
ENSG00000174791 0 0 0 0 0 1
ENSG00000101445 0 0 0 0 0 1
ENSG00000105784 0 0 0 0 0 1
ENSG00000260528 0 0 0 0 0 1
ENSG00000204356 0 0 0 0 0 1
ENSG00000167526 0 0 0 0 0 1
ENSG00000248971 0 0 0 0 0 1
ENSG00000100426 0 0 0 0 0 1
ENSG00000168917 0 0 0 0 0 1
ENSG00000150977 0 0 0 0 0 1
ENSG00000204469 0 0 0 0 0 1
ENSG00000157388 0 0 0 0 0 1
ENSG00000118557 0 0 0 0 0 1
ENSG00000179344 0 0 0 0 0 1
ENSG00000109332 0 0 0 0 0 1
ENSG00000154079 0 0 0 0 0 1
ENSG00000180667 0 0 0 0 0 1
ENSG00000235513 0 0 0 0 0 1
ENSG00000115073 0 0 0 0 0 1
ENSG00000176909 0 0 0 0 0 1
ENSG00000143614 0 0 0 0 0 1
ENSG00000119383 0 0 0 0 0 1
ENSG00000172878 0 0 0 0 0 1
ENSG00000114378 0 0 0 0 0 1
ENSG00000234608 0 0 0 0 0 1
ENSG00000188013 0 0 0 0 0 1
ENSG00000204653 0 0 0 0 0 1
